00001001000001100000111000010010111110000000000011111000111011111110111111110101111011010000000100001001000000110000100011110011
11110010000000110001001011111101111010011110100111110111000001011110110111110011000010000001011111111001000001000000000011101010
11111000111011111111010100001100000010001110101011101100000010101110110111111000111101011110101111101010111011111111110000010100
00000110111101000000100011110110000000001111100000010101111110010000111000000110000100000000010100010001111111000000100000000101
00000001000000110000000111111011000100110000011000000010111010110000000011110001111100111111110100000010111101011111011000000001
11111111111111001110110111111010000001110000001000000010000100000000101000001000111010101111011100001000111100000001001111101111
00010010111100110001000000010000111110010001001011110000000100001111101111111110111011100000010011110101000010000000111000000100
11101001000101010001010000000110111110110000001000010010111111110000110100000100111111010001010011111100000001011110101111111111
11101010000010011110100111101011111011101110111100000000111110101111011000010111000100110000011100001110000011111111010000001110
11110100000000101111101011110000000011010001001111111000000100101111100100000111000101110000110111101011111111011111101111110111
00001111111111100000100100000110000000001110101100001000000100101111000100000110000000001111100100001010000101101110101000010011
11111011000100001111000100001010111011011111100100010110000001110000110111111111111111110000000000001101000010101111001011111110
00000010000000110001010000010000111100001111101111101110111010101110110011110001000011000000100000001110111101101111000000010110
00001111000101011110100111111100000001100000101100010011000000011111101111101001000011100001011100010011000001111111100111110100
00001101000101000001011011110001000001000000000011111101000011100001010000001010000010010000100100000111000000011111010000001101
11101110000001101111101100000010000001101111111100010110111101001110100100010101111101111111011011111100000001000001011100001001
11111000000000011111111000000000111111011111000111111011111110111111001000001111111110101111000000000011000100000000110100000101
00001011111110011110111111110101111110011111011011111111111100001110111111110101111100100000111000000001111100101111110100010001
00000011000000101111101111110010000001101110110000001101111010110000101111111011000010000000010011101111000000011110110011110100
11111011111101100000011100010111111110100001000011110011000010101111100100000001111011010000111111110011111111111111011000001110
00000100000001010000110011110101111010110000111111111000000011100001010100000110111011010001000000000110111101001111001000000000
11101110000100110000100100001111111110110001010011101111000010101111010111101001111011101111001000001100111110110000000000000101
11110101000001100000100000010100000000000001000100010110000011001111110111110110111011010000111111101111000000101111111011101011
11110011000011110000000100010100000100111110110100001000111010111111110111111110000101010000010011110010000000000000000111110010
11111010000100100001011100001101111011000001001111111111000100001111000111110000000100111111011011101011000000000001011100010000
11111100000101110000111000010000000001111111101100010011111111110001010000000010000100111111111111111101000001001111100011110000
00000100000100001111011000010001000011010000110111111100000101110000110100000011111011100000001111101001000100111111100111111010
00000010000001100000001100000000000001100001000011111110000000000000111011101001111100001111100011110011000100111111000011101110
11111000000000000000111100010111000100000000010111101010111011000000011000001111111101010001011000000010000000110000010111101100
11110001000101001111010111101100111101100000101011110101111100111111011000000000000010111111011100010001000101100000111111101100
11111000000101000001000111101111111111101111101000001011111010101111100000001011000100101110101000000100000001110001000111111101
00010110111100101110111011101111000001001110111011110101111100101110101100010110111110010001011000001010111100110001010011101001
00010111111010101111010100000010111010010000110011101101000011111110101000000001111100111111011000000000111110101111101100000111
11110010111100010000100011110111000101001111110111111111111010101110100111101110000001100000011100010101111111010000100111111001
11101100111111010000100100001110000101010000111100000011000000100000000011111111000010000000001100010001111111101111111100001111
00001000000000010000001100001110000001011111010111110111000001011110101111111110000100101111010011111110000010010001010000001001
00000110111110111111110100000110111110100000110111101001000011000000101111110111111010011111100100000100000011010001000111110011
11101100111011100001011100000110111011110000100100010110000001011111010000010110000010011111000100001100000000000000001111111010
11110111111111010000000111111111000100011110110011110010000101010000010100000101000001101111010011111011111100111111000000010111
00001011000100101110100100001001111101110000000000001000111010101111101000000010000100010000000011111000000001000000010011110111
00000010111101101110100111110111111011010000000000000000000100010000101100001011000101111111010111111010111101001110110100000000
00000000111011110001010000010110111011001110100111101011000010110001000011101100111010010000000111111000111010011110100111110011
11110010111101110000001011110101111101001111001100010010111101000000001011111110111110001111110011101001111100010000011000001100
11110011111100010001001111101101000011100001001011110000000011111111000011101011111101101111100100000100111111100000111000000111
11101110111100100000101111101110000101010000111011110011111101101111010111111101111101001110101011110101111100101111100111111110
00010001000001110000010100010001111110111111110111110100000011110001001000010011000001011110111011101100000011100001001000000001
00010100000101000000110011111010111111101111100111111100111111111110100111101111111100010000001100010001000010101111000011111110
00000110111011111110110000000101111101000000011011110001000100011111011111111101000000100001001000010011000100000000100011101100
11110001000000010001011100001010111100101111101000010110000000000001000100010001000011010000011000000111111110011110111000010101
11101010111101100000010100010110111100111111010000010000111110001111110011111010111010110001010100001001111010011110110111101111
11111010000100101110111111110011111101110000000000010011000000010001001100000010111111010001000100000011111111110000000011111010
11111101111011001111001000001100111011111111001011110000111110101110101111111010000001010000100000010001111011010000011011110010
11111001000000110001000000001000000101111110100111111000000000001110101011101011111110100000001011101111111011001111100000001011
00000011000101110000010100010010000000110000000011111100111011001110110000000111000100011110100111110001111110001111100000010000
11110101111101110000000000010101111101110000011011101011111111010001010011110011111110100000011100000011000000110000010100001000
11111000111110011111110000000001000000110001000111111100111111100000111100010110111101000000101111110100000010111110101000000000
00000011000010010001010000001110000000110000000011101001000000100000001000001011111100000000010011101011000010100000111111111110
00001001000001111111011111101101000011001111101011110000111111100000111100010101000000110001011011110001000000001110100111110100
00010010111010110000011100000000000101110001011111101110111101010001011111111000111100010001001100000101111101110000001011111101
11111110000000101111000100000101000101010000010000001101111101101111000011101001000101111110111011111011000001110000101100000101
11111110000011111111111000010000111010110000101011101101111110111111111011110001111111100001000011101010111100100001011011111110
11111011000100110000110111110001000001001111000100001101000000100000111011101100000101001111010000010000111111100001001011101101
11101011111111110001010011111111000000001111000000000001111111010001001000001011111111111111000011110000000101100000010111110011
00001110111100111111111000010010111011011110110111101011111100001111101011111000111101101110100100000000111111100000101111110111
00000011111110000000110011110001000000001111111011111111000000010000000111111000000011110001010100000010000001100000101011111000
00000100111111110000000011111011000000011111001111110100111100100000010011110100000011010001001100001100111110000001010111111001
11111010000001000000011111111100000011010001000011110110111100111111110000001001000010001111000111111011000100110001011000000101
00001101000100001111001111101100000001011111101100001010111101111111110100001110111011011111110011110000000000010000101100010111
00001100111011111111110100000010000001100000100100010110000101011111001111110000000101101111000000010110111011100000010011101111
11101111111110010000111000001001111110001110111111111010111100011111010000000000000000000001010011101101000000010000001111101111
11111010111011110001001011111001111011001111111100000001000100100000101011110010000100111110100100001001111010110000111111110010
00001110000011110000110111101110111111001110111000001010000101110000000100000111000010001110111111111010111110010000110011111100
11111010000000101111001011101100111101001110101000001000111111100000010100000011111010110000111100001111111010011111110100001101
11111100000100010000100100000111000100110000110100000100111010111111111000001001000000010000010011111001000100001111010000000110
11111101111100001110100111101111111101101111111111101010111011000000111000010111111111011111111100000100111011010000000100001000
00010101000001100000001011111100000100110000000111111111000010111111111011101100000001000001000111111010111011011110111000010011
11101110000001111110110100000000000100111111010011110111000001010000001100000010111110111110101000000100111101100000010111111110
11110101000101111111100000010110111111110000000111110101111100010000100111111110000001001111000100000000000001110000110000000111
11111100000010000000010011111111000001101111011111101100111100000001011000010010000011111111010100010000000011010000000111110111
11101110000101110001011100010000111111100000101100010011000000101110111100010110000000010000110000000101111011001111111111101001
11110101000101100000100100000011111011100000100000000101000001100000100100010100111111100000010100000001000001000000100011110010
11101011111011101110101100000010111101110000110111110000111100000001000111101101111110010000100100000011111101011110111100000011
11110100000100011111010100010100111010100000010111110110111111111111110100001110111100010000110011101010000001100000111111111101
00010000111110101111101000010011000101110000110111110100000101011111101000010001111110001111001111110101000010010001011100000001
11101110000010000001001100001101111010011111011100001101000010010001011100010011000011100000100111111011111010100000110011111110
00010001111011110001000100000110000100100000100111111101000000001110110111110100000000111111000111111010000001100000010000010010
11111101000000101111110100001100000001100001010111101111111011111111011100000101000001101111001011110110000001001111010100001111
11101110000011011111000000001010000011010001010100010011111010100000011100010011000011001111111000001100111101100000111011111100
00010110111010100000001111101111000011000001011000000000000100001111010011101010000011101111110011101101000010000001001111101101
00000101111110011110101111101100111010111111011111110111000000010000010100010000000100011111000100000110000100101111010000000100
00010111000001100000100111110111000101110000111111111000111101111110100100000000000100010000110111110000111101001111000011110101
11110010111100000000001000010011000100010000010111111000000100111111001111101010111100110000110100001001111101111111001100000110
00000000000011101111111011101101111011001111010000000001000010100000001011101001000101011111111000000001111100101111010011110011
00000101000100111111010111111001111101101110101011101001000011010001011011101011111011001111111011110111111101000001000111110010
11110010000100110000010100001000000010001110101000010110111010101111001111111111000100000001010111101001111011111110100111101111
00010011111011010000000111110010111010011111011011110101000000100001000100000001000000011111011011110001000000001111101100010011
11110010111010101110101111111000111100111111110000010010000010100000010000001111000100101110110000001001111011111111110011111011
11110110111010111111001000001001000101010001001111101010000000111111001000000001000000011111000011101101000000001110101100010000
00010010111010010000111000010000111010100000010011111111111100010000111100000011000011100001010000010110000001110001000111101100
11111001111111110000000011111010000011110000001100010000111111100001010111111010000101110000001111111011000001011110111000001000
00000100000011101110110011111101000001001110101100001100000100110000011000001100000101011111111000000000000100100000100011110110
00000100000011000001000011101111111100010000100000001010000010110000000011111011000101101111010111110110111010101110110100000110
00000111111100110000101111110001111110100000011000001101111111100000111011111111000001110001000000000011000000110001010011101010
11101001111010101111011100000001000001010000100011101001000100011111010000010110111110010001000000001010111010100000000011111011
00010111111101001111101111110001111010010000000100000101111100000001000011110011000101000000100000010110111111100001000000000101
00001010111111000000000011110110111110010001010011101100000011110000101111110000111111010001000000000000000000000000000011110001
00010111000010111111011011111001000010010001000100000010111101101111101000000010000100100000100111110011111010010000011111110101
00010010111100000001011100001110111101011110100100001111111011101111000011111011111100011110110100000010000001110000110111101011
11101011111111110000101111110010000001001110111000010011000100010001010011111011111011000000111111111110111110011111110100001010
00001010111111011111010111110000111010110001011000010110111011000000010000010110000000110001011011101111000010100001000011101110
11110010000101011111010000000101000100110000101000001101111101110001000011101111111111000000000000001001111010101110110011111010
11110000000100111111111000000100111111010001000100010100000100111110110000000101000011010001010000000010111111111111000111101001
11101010111101100000101011111100000000101111011000010110000101001111010111111011111011101111101111110100000010101111100000001000
11101010000010010000011011110110000011010001000100010011000010011111111000000100000011001111100000010010000011010000100100001100
11101011000011111111111000001000000001111111110100001011000100010001011111101001000100110000110100000100000011001111100111111100
11101010000101000000111000000000000001010000111111110000000000110000101000000011000101101111010100001000000011011111101100010101
11111100111100001111000111111011000101110001001100010011000001110000000000000110000001010001010111111011111110110000101100001110
00001011111100000000011011110101111101101111010111101001111011100000100000001110111011100001010111111111000011011110101011101100
00001111111011011110101000000111111010111111110000001111111011100001000000010011000101100000010100001111111100000000001100010010
00010001111100010000111111111100000000000000111000001000111110000001000100010100000011101110101111101001000000111110110111101101
00010001111010111111011011110111000101000001010100001101111111111110111000010110111100110000011000001101000000000001001000010101
11111010000010101110110111111101000010001111011011111010000011001111001100010100111011111111001100000101111101000001000011111010
11101111000010001111110100000101111011101110101111110111000000001111001011110010000100001111010011111001000100010001011100001101
11101111000011001110110100001110111101101111001111111101111011110000100000001111000001110000111011110000111101100001000011111000
00001011000000111111000011110011000101000001001100000100111010011110100100010101000011100000100111110101000100111110110000001001
00001001111110100000111111110010000101100001010011111001111110000000111011111001000001000000100100010101000011001111011011111001
11101100000011100001000011110011111111111111100111110110111010100000010000010101111100010000110000001101000000010001000011111101
00000101111011001111000000000100000100001111111100010100000000001111110000001101000101000001001100000111111100111111011100000010
11110110000000000001000011111101111111100001001000010000111100110000000011111100111100101111001011101110111100011111110111110101
00001010111011011111010000010110000000111111000100001111111010011111011111101111111111001111111100010011000000000001001100010101
11101011111011100000111011110111111111110000011111111101000100011110101011110101111010111111010100010111111010100000001011110011
00001011111100000000101100000000000101101110110000000001000100110000000111111101000101000000111100001101111111001111100011110110
00010110111011001110111100000110000100100001011000000101000100011111101000000000000011001111000100001001111111011110101111111010
00001011000011100000100000001010111110101111011111111100111111101111100000010010000010011111000011101111111111110000011000001001
11111101000000110000010111110111000011101111100111101111111011110000011111111111000100000001001011110100000011010000100000000011
00010111111100011111110111111100111101010000010100010001000000001110110011110101000010101111111111101011111101010000000111111000
11110010111110111110111000010010111110001111111100000001111111100001010011110000000000001111000011101011000010011111100100001011
00000000111010101110110011101010000000111111110011110110111101111111110100010001000100100000111100001011111011101111101000001111
11110010000010101110111000001111111101011111010100010110111011100001001111110111111101101110111111101011111110111111111011111000
11101001000100100001000000000110111011111111000000000000111100011111011011110011000011000000100011110010000101010000010000001110
00001000111111111111111111111101111011000001010111111001111010111110110111111011000010100000000011111000000100111110110011110101
00010010111111111111111111101100000001000000101000010000111011100000001100001111000100101110110111101111000100111111101111111101
00001011111100111111000000000010000001010001010011101101000001101110111000000011000001101111110111111011111111000000111100010000
11111110000010111111110111111110000001010000010111111110111111110001000111111000000001101110111100010110111010110000110111110000
00000111111010011111100011101010111111010000010111101001000000101111110000010001111110111110101011110100000100010000000011111011
11111000111101101110111100000011111011111110111111101111111101000001001011110010111010100001010100000000000101100000110111111111
11111101111010011111110111110100111110110001000100000101000101010000110000010000111011100000000000001111000011010000111111111101
11101111000000010000001100001100111110100001001100010010000010110000101100010111111011011111100111111110111111010000100011111110
11111011111010101110101100000000111110001111010011101001111011001111000111111111111101001111111100001011111011000000011000001100
00010011000101111111000111101011000001110000001000010011000001000000111111101001111111111111001011110001111011000001010111111011
00001110000011010000111011110111000011001111111000010100000010000001001100010101111110101111101011101001000011110000010111110000
00000101000101010001010000010111111110011111010111101001111011111111010100000110111010010001010000000111000100011111011000000001
00010011111011101110110011110000111100101111000111101010111100001111111011111000111111100000000000001001000000110001011000010101
00010011000000011111010011111110000000000000000000010101000010000001010011110000000001101111010111101001111010011111101011110001
11111000111010111110101011110100000010100000000000001010000100110000000000000100111100101111100100001011000011011110111111110010
11111111111111100000010100010001111101001110110111101101111101111111101011101110000011111111101011110100111101100001001000000110
00001110111011101111000111111100111111111110111111110010111011001110110011110000111101001111011100000100000101110000001111111111
11111011111011100000011111111110000001111111101111110011111110011111000011110101000101011111001000000100000101001111110011111000
11101110111011110001010011111111111110001110101100001010111011110000000000001100000011100001000111110101111100001110111011111000
11111001111100101110111011111100111111011110111100001111111011011111101111111011111110110000010100000000000001000000101111101101
00010110000000010000110011110010111111110000110111111000000000100001000100000001000000010000100100010100111101010001011000001011
11111011111100011111010111111100000010011111110011101011111011000001010111101100000100110001001100000101000001110001000000010000
00001010000011000001010011110100111111000000110000001000111111000001011111101011111100101111000011111001000101010001011100001101
11111101000101001111100000000001000010101111100100001001000100111111100100001101111011000001001111111111111110100001010111101101
00000000000101011111101111110101111111100000011111110101000101010001001100001101000000011111110111110100111110011111111111111000
00000000111010010000111000001100000011011110110111110110111100110000001100010110111110100001000011101010000010001111101111111001
00000111000100000001010011111100000000001111111011101011000000100000101100010100111100110000001000001110111100101111011011111101
00001000000100001111011100000101000101100001010100001111111111000000100100000000000000001111101000010111000011000000001011101010
11111000000100011110110100010010111111101110110111111111000011101110101100000000000010011111110111110111000001010000001011101110
00010010000100000000000100010100000001011110101000010101000001111111000011101010000011001111101111101111000010000000001000001111
00000100111111101111100000010111000101011110110000010111000011001111010100001101000001110000011000010001111101110000111100000011
11111011000101101110110000000100000100001110110000010001000000010000001011110111000011001110111100000000111110100000001011110010
00000010111010010000011000000100111011111111100011111110000100000001011100000100000011011111101000010011000101010001011100000101
11101101111100111111001100000101111110011111110100001100111011011110101011110100000001111111010000010100000000010000001000000000
11101011000001100000010000001010111110010001001011111101000011001110100100000011000101001111000111101001111010011111101000001111
11110011000001110000111011110100000100100000010011111100111110111111000100010000000011111111001011101011111100001111101111111010
00010100000011001111000100010010000101100001011000000000000001100001001111110001000101111111011011111001111101000000100100001011
11110011111100110001011100001110111101010000111000001001111111010001010100001011111101100001001111111010000011010000000011111100
11110010000000000000000111111000111101000000000111111101000000100000110000010100000000000000010011101101111100101111101100000010
11110011000000010000101100001010000100000000010000001100000001101110111000000110000010001111011100001110111110100001000100010010
11111101000011101111010011110010000100011110110100001000000010110000000011110101111010101111101111111100111111111111001011110110
11110100111011111111100100010001000100010000000100001000000001010000001111111110000010001111101011111000111100111111101100001011
11101010000011010000111000001000000001111110111111111001111011110000000011111110111111000001011111111101000100011111100011110010
11111011111111000000000011101101000001100001011011101110000011101111101111101110000011010001011000001010000011100001000000001111
11111111000000001110110000001100000100110001010100010101111111110000110011111011000100001111001011101011111100101111011011110001
00000000000010110000000100010011111100001110100111110111000010011111000111101010111101100001001111110110111100011111011100000000
00001110000010000001000111111110111100111111001011101011000001011111100011111010111110111110101111111011111100001111000000010010
11110001000010011111111111111001000101100000000000010100111100110000001011110100000011101110110011110100000101010000000111111111
11111001000101100001011000000000000000001110111111111101111100010000001011111011000100010000100000001110000010011111010000000000
11111001111111101110110000010001000101100001010111110000111010111111111100010000000001010000011011101011111010100001010011111111
11111111111111111111110111111100111011011111011011110100111011101111110100000111000100110000110000001110111101110000011011101111
11111000111101110000010000010111111010101111001011111111000010100001000011110011111010010001010011101110111111011111010111101111
00001001000000001111101011111001000100110001000111101011000100001111000011110100000000000000010100000010111011100001011100001100
00000101000101100001011100000100111111010000011000001011111010100000100100000000000001001110111111101011000000011111011100001110
00010110000000110001010011110101111110011111100011111010111010101111110100000000000101101111101011110101000101100000110011101100
11110101111101110000110111110111000101000000100100010001000100000000100000000001000100111111001000000011000000011111011000000010
11110011000001111110111100001010000001100001011000000110000010100000010100001101000010000001011000010010000011001110101111101100
00001101000100111111001000010000111010011111110111110100000100111110111011111010000100000000010000010001000000011110110111111000
00000110111111110001011100000010111111010000010011111011111110011111011111111100000101101111101000010000111111001111110100010100
00001001111110001110111100010011111110000000110100010010111110101111101011101100000011001110111100000110111010101110111100001011
11110101111010101110111111110100000101111111001111110000111100101111101011110111000001001111111100000011000010110000011011101010
11101111000001110000000011110011000100110000010000000001000000000001001100001010000010110000100100000010111111110000001100010011
00000011111011101111011100001101111101001111001011110001000011000000110000010010000001100000111111110100000001100000000000001001
00010011111100000001011000000110111011101111111000001000000101010000111000000110000011011111010000010011111100010000010111101100
00010001111011010000111100001001000000001111011100001000000000100000011011111000111100000000000000001001111100010000110100000101
11101001111011000000000100010100111010110001000100000111000000011111111100000011000101101110100111111010111011001110110011110001
00000011000000111111001000001000000101010000000011111001000100010001001100000000111011010001000100000001111100010001001111101101
11110111000100110000010100000011000000010000001100000011111111100000110011111110000011010000000100000100111101111111010100010000
00001111000101111110101000010001000010100000000000010101000011110000101100001010000001110001010100000011111111011111010000000001
11101100000010001111010100001000000011001111100100010100111110111110111100010110111110001111110011101100000000110001011011111101
11111011000000110000110100000101000011001110111100010000000101111110100100000110111010111111111011111001000011111111100000001110
00001001000101100000101000000101111100111111001011111011000011010000101011110110111100000000100000001100000001011110110000000101
00000011000000101111010000000000111111100000001011101110000101101111100000001010111110111111001111101101111111101110111000001100
00010111111101010000000011110111111010010000010100001000111110111111110100000000111111101111111111110101000010110000110100000011
11101100111011101111101111101110111101010001000011101101111110011111101100001000000101000000101100000110000001101111110011110101
00001000111110111110100100001000000000011110110011111100111011100000110100010011000101011111111111111100111111001110101011110110
00001101000000001111110100001101111100011111001011111011111101100001010000010101000000101111110011110000000101111111011100000111
00000100111010100000000111110111000000000001010000001011000011010000110011111011000010010000000000001111000011011111110111110111
00010010111110011111100111110100000101010001000011101101111100001111100000000100000101111111111111111011000000101111010000000001
00000010000101001111110111111011000101101110100100010001000000110000001011111000000011100001001000010001000001101111001111111101
11110001000000110000101011110111000100101111111100001100000000010001001000010001000001101111010011101100000100011111100000000111
00000101111100110000110111110000000011111110101111111010000100010000010111110111111010101111111000010111000010111111000100000010
00001110000010000000000000001010111101111111000000001000000000010000101000001111000011001111110111110100000101101111101000010100
11111001000010101111101000001000000001110000100011101011000000110001010000000000111110111110110111101001111010011111000111101110
11111010000000001111110011111110000001010000000011110110000000001111000100000111000101110000011111101100000101001111000011110011
11110110000100000001001111101011000001001110100100001001111010010001001111111110111100101111101111110000111110010000010111101110
00001110000001011111100111111101000010101111000000000000111111110001001011101100111100110000010011101111111101001111010000010001
11111010000000010000001111110010111010101110110111111100000100010000111000000000111101001110101111110001000011100000011111111101
00000001111101010000110000010011000011010000000111110111111101000000001011111000000000100000101111111100000000100000010000010011
00001101000000011110101011111111111100101110110111111110000001100001010000000000000000100000110011111110000010001111001000001100
00000111000001100000010100010010111010010000111000001000111110110000111000000000111101100000001100001100000000101111111011111011
11111011111010111110101111111001000010101111111111111111111010100001011011110010111110000001001111110111000101000000101111110100
00001001111100000001001000000100000010000001000111111010111011100000100111111101111111010000111111110011111100010000010000000101
11111111111011011111110000010001000011001111001000001000000000110001010111111010000001000000000100001110000001001111010011111011
00000101111101011111000000010110000011011111001111111001111100010001011111110110111011100001000000000111111010011111011011101111
00000011000001010000001011101110000001111111001000000101000011100000101000000101111100010000011111110010000101010001001011101110
00000011000100111111010111101001000001100000101000010010111101110000000111111100111110001110111100010010000001011111000011111111
11111011111011011111111011101110111100010001010100010001000011110000101111110111111110100000100100001000000100000000110000000001
00000110000011111111110111110101000000010001001100000110111101000000011100001110000001110000110111101011000011000001010100010001
00001001111010110000011111101011000101111110101011111010000100001111000111110001111100100000111000000110111010110000010100000101
00000110000100100000100000000000000001100000000111110100000101101111010011101110111110001111000100010011000000001111101111111001
00010011111110011111111011111111000010101111000011101011000010011111100000000011111010101111000011110010000011110000010111111111
11110011111010110000010111110000111111100000001100010010111010011110101100000101111011000000100111111100000100100000111000001001
00001111111110011110110111111011111110000000010011110010000101100001011100001001000001110000010011110111111101110000000011110000
11110001000100110000001100000111000010010000001111111101000011100001011011101101111111010000001000000000111111110000101100000111
00001110000000111111001000010111000010010001000111111000000101011110111011101110111010110000001011111010000100101110111000010010
11101011111110001111111000001111111111101110111100000001111011100000010000010100111011001111110100000000111011011111101000010101
11110001000000110000000000000111000011110000000000001100000101000000110011111111111100110000110111110010111010111111011011101001
11111110111111100000100011110011000100101111011111101101000011110000000100000111111100011111000111110011111111011111010100001101
11110000000000100001010011111000000011000001010000001101000010111111010000000110111010111111001100001000111111011110100111101010
00001000000001000000111011111110000010110001010011110000111110100001000100001100000000110001000000010110000000101111011000000000
11110110111101110000000111101011111010111111101011101110000000001111011000001010111010110001011111111001111110010000110000010110
00000000000011001110110011111100111111110000111111111100111111011111111000000000111011000000000011111011111100100000010111101010
11101111000101111111100100001110000101100001000100001110111011010001000011110100000101111110100100001000111111011111010111111001
00001010111011000000101111110101111111010001010100010111000011110000111111111010000001010000110011110100000010101111000100001000
00010110000101010001000011110010000001101111010011111100000010111110111100001000111111110000111100000100000100010001010100001110
