11110101000010110000100011111001000000001111111100000100000010011111010011110001000010101111111000001000111100011111111100000111
11111000000011100000110011110001111100010000000100001110111111011111011111111110111100011111100011111111000000001111100011111000
11111000111111111111101011110001000010100000000100000100111101100000111100001011111101001111101100000111000001100000110111111110
00001010000001011111101000000010000011000000101100000000000000101111001011111000000010011111111011110110000000010000011000000101
11111100111111110000000000001000000000001111110100000000111100011111001000000110000011110000001011111101111101100000000000001111
00001000000000010000101111111000000000000000111000000010111111111111100100000001000011101111000100001001000010100000110000000111
00001001000000000000000111111110111100100000101100000010111101110000000000000000111111001111110000000001000000110000001111111111
11110001111110001111011000000010000010110000100100001001000010101111100100001010000001011111001111110001111100010000100011111000
11110100000000111111110011110011111101100000000011110110111110010000011011111111111110110000000011110001111111011111111011110111
11110100000011000000000011110111000000110000101011110001111100011111010100000111111101100000011000000101000000011111100000001111
00001001000000001111100000000100111111010000001011111011000001001111001011111010000011100000110011111010000010111111101000001110
00000111111111101111100111110001000011001111001000001010000011100000001011110110000010110000111100000110000000001111110111111100
11110111000001011111111011110111111101000000010111111010000000001111101100001011000011001111000111110111111110110000111100001001
11111011111101110000010100001010000011011111110000001100000001010000000000001111111110000000011111110011111101100000110111110111
00001000000000110000101011111100111110111111101000001011000000110000111000001100111101010000000111110100111100101111001100001011
00001001000010101111101100000011000010011111110100000010111110001111001111111001000011000000001000001101111111111111100100001001
00001010111100010000010111110011111101000000110011110010111110000000111111111110111101001111011011111000000001111111010000001101
11111101000011110000110111111010111110010000000011110100000001001111001011110001000011111111101000000011111111111111101111110011
00001101000011110000111111110100111101110000001100001111000000010000011000000101111110010000000111111010111110001111001111111001
00001111111111110000010000000100000011101111110111111010111110111111101100001011000011001111101011111011000000010000001000000011
11111000111100011111100011110011000000011111001111110011000001001111101000001001000000000000101111110101000000000000100111110011
00001110111101100000100000001111000010101111101111110100000000000000110111111010000011001111010100001101111100101111101100001100
00001001000011010000101000000111000001101111011011111110111101100000011000000101111110011111001100001110000010010000000100000001
00001011111111111111110111111011111110011111000100000100111111100000001011110010111111001111010111110101111110010000101011111101
11111101000000111111100011110001000000000000000000000100111111110000010100000111111110000000000000000000111110001111111000000001
00001101000011011111100100000100111100101111001100000000000011001111011000001000000011001111101000000110000010111111110000000110
00000111000000110000101100001100000011100000001011110110111110011111011100000010000010001111001000000101000001101111110000000000
11110110000001111111001000001111000010010000010011111001000011010000111011110101000010000000101000000101000001101111111100001101
00001111111111010000100111111110111101101111101111110101000011010000111011110100000000111111111011110100111110101111100000000111
11110001111101111111111111110001000001000000001100001010111101111111101000000001111110010000001011111001000001010000100100001001
00001111000000010000000000001011000010000000001011111101111110101111010000001001111101000000011100000001000011100000100000001111
11110101000000000000001011111010000000001111110000000000111100011111111111111111111110101111110100001001000001010000000000000100
11111101111101111111000111111001000000110000110000001010000000000000111111111111000010101111111000000111000011111111101011110110
00000011000000001111110011110001111111011111111011111101000010110000001000000111000011000000011100000000000001110000010000000100
00000100111111100000010000000100000011010000100100001011000010000000101000000011111111001111100100000110000010110000000111110101
00001010000000001111111111110010000000000000011111111110111111000000010111110001000000000000111000000110111111010000011000000011
11110111111101110000110011111001111100110000101000000000111111000000000000000111111101100000010000000110000010101111100100000011
11111000000000011111011000001001000010111111101111111000000011100000011000001011111100010000110000000011111110111111111000001000
00001001111101110000010011110110000011111111111100001101000001110000001111111001000000001111010111110101000001101111110000001000
11111000000001100000011011111010111101001111110100000000111101001111011011110010000000110000110011110111111100100000011000001010
00001110000000111111101100001010111101000000011011110100111111010000000011111101111101101111100000001010111111110000001011110111
00000110111110110000001000001101000011111111001000001001000010111111101111111101000000100000110111111101000011000000100011110101
00001101111100011111010100000101111100101111110111110101111111110000101000001100111100101111001000001010111100101111100111110100
11110011111100010000010000000111000001010000101100000101111111010000010000001111000001001111100011110010000011010000001011111100
00000011000000010000000011110010111111001111111011110111000011001111111000000101000001100000011100000111000010001111100100001111
11110101000011010000101100001011111100101111001100001010000000001111110000001111111100100000000111111111111101011111110100000110
00001100111100010000000011110011000010011111001111110010111111010000011111111011111101010000100100001001000010111111101011111110
11111000000000011111101111111011000010010000111000000010111101000000010011111111000011110000011100001010000001100000000100001100
00001010111110101111011011111100000000001111010011111100000000101111001000001010000001001111101111111010111111001111101100000111
00000000000000001111010100001101111110111111101111110011000011110000000000001101000011010000111100001010000011010000110100001001
11110101000000000000001000001111000010010000011000000111111111000000111000000100111111011111111100001111000000011111011011110101
00000101000000100000110111110110111111100000011111110010111101000000000111111001111101001111100100000100000000001111001111110011
00001011000001001111011000001011111100011111110000001011000001101111101000001100000000110000101100001100111111100000010100000001
00001110000010010000011100001010000011111111100111110111000001110000100000000000000000001111110100001100000010010000001011110010
00001011111111111111011111111010000001101111000111110100111110100000110000000111000011110000000100000010000000010000000000000001
00001010000011101111111000000100111110101111101000000000000000100000000100001111111101100000010000001111000001110000001011111100
11111101000011010000110000000101000011000000110100001011111111011111111100001001111111000000011100000000111110111111111111110100
11111100111111101111000111110110111110010000101100000010111110100000111111111001000000000000011100000110111111100000100000000000
00000110000000000000111100000110111100111111010100001110111110001111000111111001000000000000111011111101000001110000101011110011
00000011000011110000000100000001111111000000111000001111111101000000000111111110000001011111010011111001111110010000000000001001
00001011000010010000010111110011111111010000010111111010000000000000110011110100000010111111010011111101000011001111011100000000
11111110000011000000111111111010000000000000110000000001111101110000100011111011000000001111000100001111000001010000110100001110
11111001000000011111111100001000000010101111100011111001000001101111111011110101111101110000000100000011000011100000000100000011
11110101111111101111100100000110111110011111011111111100000000001111101100000011111101100000110000000110000000011111001011111011
11110010111110100000100111111001000001001111101011110101111110111111101111111001111110100000110100000010000000001111100111111010
00001001111110111111010111111101000001010000111000001010000000001111011000001100111100100000001000001111111110110000000011111010
11111110111101000000001100000110111101011111000111111000111111001111111000000110000000001111001011110001111111111111011000001001
00000111000010010000001111110111000010011111101011110110111100101111110100001110000001010000010111111101111111100000110100001111
11111011000000100000000011110111000000001111001100001001111111010000010000001000111110000000111000001111000000001111001100000100
00000101111101110000100011111010111110011111001100000011000010000000011011111010111110101111001011110110111110011111011111110010
11111101111100010000000011110001111111011111010011110110000001101111001100001000000001010000010000000000000001111111100011111101
11110001111100011111111000000011000011100000101011110010000011011111110111111110111101101111001111111111000000010000101100000101
11110111000000110000101011111000111110101111100100001111111101010000010011111100000001110000000011111000000010110000000111110001
11110111111101101111101111110110000001000000001111111101111110010000010011111101000010000000101100000111000011101111101000001011
11111101000010110000001111111010111110010000101100000000111101010000001011110101111100101111100100001000111101110000101111110010
11111011111100010000011000000011000010010000101000001101111111101111110000000011000000001111011111111110111111010000110011110011
00000111000001100000110100000010000001101111010000001011111100100000001111110100111110000000011011111101000001011111100011110100
11111100000000000000100100001011111111010000111000000010111101100000000000000101000010001111010000001111000000011111000111111010
00001010111100101111101000000101111101010000011000000010111110010000100111110011111101110000100000000011111101111111110100001011
11110110111100110000000011110111000001011111100011110111000000110000111000000001000011100000111100001000000000101111110011110011
00000000111101100000001011111110000000010000001000000001000011010000000111110100000011000000011111111100111111110000000111111101
00000101000011111111001000001101000011110000101111111111000001011111111111111100111101011111011100000000111110101111011100000011
11111010000010101111001111111000111111101111011100001010000000001111001011110111000001101111101011111010111101111111000100001000
11111011111110001111010000000000000001110000111000001101111100010000000000000000000000011111111000001101000000111111111000001110
00000000111100010000010000001110000001001111011100001010111100100000101111110101000010101111011011110101111110010000000000000110
00000000111100110000111000001010111111001111001011111110000011100000111011110110111101110000111111111011000001100000110100001010
00001001000000110000100111111000000011001111011111110100000010000000111100001000000000111111001100000000111101100000000111111110
11110101000000010000100100000110111101010000110100001101111111000000111111110111111111010000101011110011111111011111000111110111
11111100000010100000010011110100000010010000100011111010111101100000011100001110111110001111101111111011000011101111001011110001
11110110111111110000111011110010000010010000000000001100000011100000011011111000000011011111000100001111111111101111100100001100
00000000111111011111101011111110111110000000000011111110111110011111000111110101000010000000011000001101111101010000110100001100
11111100000011100000111100001011000000010000101111110101111101011111010100000110000011101111011111110101000011000000110011110101
11110010111110011111100111110001111101010000101011110011111111110000011000000110111110101111010111111110111111001111111111111010
00000000000011111111000111111000000010110000000000001001111100110000111111110001000010011111100000000110000010010000011100001110
11111000000010110000001111110110111101111111001100001100111110111111110011110100000010010000000111110111000010010000000100001001
00000110111111101111110000001100111101101111010000001011000001010000110100000011000011111111111011110011000001011111100111111101
11111100111110110000000000000011111100110000110011111100000001111111110011110100111110111111100011111010000001010000010111110111
00000110000000111111011000000010111100100000010111111001000000100000111000000110000000010000001011111000111111111111001000000000
00001110000000000000011100001100000000101111010100001111000000001111111011110011000001110000101100000001111101100000011011110111
11111100111110000000000000000100000000011111011011111000111110000000000000001110000001000000101111110011111100010000000111111000
11111011000001111111010000001100111111100000001111110010111100100000010111110010000001001111101011111010000011100000101111111010
11111101111110101111010000001110000001000000011011111110111101110000010011111000000011010000111000001110111101111111101000001011
11111111000000010000011011110111111111111111001111110001000011100000011100000011111101111111101000001101000011110000010000001101
11111101000010110000011111111000000011011111000111111001000000000000111011111100111101000000011100000101111101000000011011111101
11111110000011100000101000001111000001101111110111111100111101011111001100000000111101100000001011110111000000000000110011111111
00001101111110101111010100000110111111100000010100000010111111101111110011110111000011111111011111111111000011000000101000001111
00000011111110100000101111110011000011101111111100000101000011000000000000001010000010100000000000001101111110001111011000000110
00001010111111101111000111111110111110001111001111110110000000111111110100001001111110000000001111111001111110101111010100000111
11111010000001010000011000000001000001010000010111110100000010000000000000001010111101001111001000000100111110100000111111111010
11111111111111000000000111110111000011101111100100001101000011111111101100001010000011001111001000001111111111011111101100001001
11110110111100010000111011110001000001000000001011111110000010100000101011110001000000110000101111111101111101000000001011110001
11111101000000001111011100000010000010100000000000000001111101111111000100000000111110010000010011110100111111110000000000001001
11110010000011001111010100001101000010010000110000001101111100111111110000000010111110110000010100001011111101111111101100001011
11111011111100110000011111111010000000101111001100000010000010101111111111111100000010000000000000000000111101100000010100001010
11110001111110100000010011110101000010111111010111111000111111111111010100001100000000001111110100000011000001110000000100000100
00000101111111101111100111110101000001011111110100001110111110010000100111111111111101011111110100000100000001011111110011111000
11110101000000100000010100001100000000001111101100001001000001000000011111110011000010101111110100000101111100111111000111110001
11110011111100110000101100000001111100100000111111111110000001010000010111111100000010100000111011111110111111001111111000001010
00000000111101001111000100000101111101010000100000000011111101111111001100000101111101100000111100000000111110110000100100000011
00000101000010011111111111110010111101100000111100000011111100011111010111110100111110010000010000001101000000100000000000001101
11110101000011000000010011111000000010001111011000000010111111111111010000001101111101111111110000000100111110011111010011111010
11111101000010010000000100001101111101010000101000001111000011111111101011110100000010001111111100000100111101000000111011111101
00001110111100011111101000000000111111001111011100001111000000010000110100000000000010010000010011110101000001100000011100000110
00000000111100100000101000001110111100111111001011111110000001111111111100001010000011000000001100000011000001001111110011110111
00001101111110010000101000000000000001110000100100001100000010101111101100001010000010110000010011110111000011110000100111111101
11111010000010100000010111111100000011010000111100000101000010100000001111111010000010010000011000001100111111000000111000000110
00001000000010101111111100001010000011000000111100000011111100101111100011110111111101011111110100000010000011111111001100001110
00000001000010010000101011111100000001100000011111111011000011010000110011110001000010111111110100001110111100100000101000000000
